node:
  - name: "W1_home"
    index: 1
    position:
      x: -10.90924158424858
      y: -3.392593740992417
    type: 0
    connection: [2]
    child: []
    
  - name: "W2"
    index: 2
    position:
      x: -11.545226032607488
      y: -0.05626166433183621
    type: 0
    connection: [1,3]
    child: []

  - name: "W3"
    index: 3
    position:
      x: -14.037788424814872
      y: -0.49712195474502396
    type: 0
    connection: [2]
    child: []
